0 68
1 0
1 6
1 21
1 23
1 24
1 25
1 29
1 34
1 41
1 42
1 43
1 45
1 48
1 58
1 63
1 68
1 78
4 12
4 14
4 19
4 21
4 23
4 24
4 25
4 27
4 33
4 34
4 41
4 44
4 54
4 58
4 63
4 65
4 67
4 69
4 71
4 81
5 4
5 9
5 14
5 19
5 20
5 23
5 24
5 25
5 27
5 33
5 34
5 41
5 44
5 54
5 55
5 58
5 59
5 61
5 62
5 65
5 68
5 81
7 4
7 5
7 11
7 12
7 14
7 24
7 25
7 27
7 33
7 44
7 54
7 58
7 62
7 67
7 71
8 70
9 25
9 58
9 68
10 12
10 68
11 4
11 5
11 14
11 24
11 25
11 27
11 33
11 34
11 44
11 54
11 62
12 14
13 4
13 11
13 14
13 24
13 25
13 44
13 50
13 54
13 80
15 3
15 68
16 21
16 29
16 34
16 41
18 20
18 65
19 12
19 81
20 0
20 19
20 23
20 25
20 34
20 44
20 54
20 58
20 64
20 68
20 81
21 12
21 19
21 20
21 23
21 24
21 34
21 42
21 58
21 65
21 81
22 68
23 6
23 19
23 58
23 68
23 81
24 12
24 14
24 19
24 20
24 23
24 25
24 27
24 34
24 42
24 44
24 54
24 58
24 63
24 65
24 81
25 12
25 14
25 19
25 23
25 58
25 68
25 81
27 12
27 14
27 19
27 20
27 23
27 25
27 34
27 44
27 54
27 58
27 65
27 81
29 34
29 41
29 42
29 47
30 39
30 56
32 8
32 49
32 68
33 12
33 14
33 24
33 25
33 27
33 34
33 44
33 54
33 58
33 67
33 71
34 12
34 19
34 23
34 25
34 54
34 58
34 61
34 69
34 77
34 81
35 68
35 70
40 21
41 20
41 21
41 24
41 25
41 34
41 42
41 54
41 65
41 77
42 25
42 34
43 0
43 18
43 19
43 23
43 56
43 57
43 58
43 68
43 70
43 72
43 79
43 81
44 12
44 14
44 25
44 34
44 54
44 58
44 68
44 77
46 8
46 32
46 49
46 68
46 70
46 72
46 74
46 75
46 85
47 25
48 0
48 11
48 18
48 19
48 23
48 43
48 56
48 57
48 58
48 64
48 68
48 70
48 81
49 0
49 8
49 56
49 57
49 70
49 72
50 25
50 40
50 44
50 54
51 30
51 35
51 56
53 0
53 25
53 49
53 68
53 74
53 79
54 14
54 25
54 58
54 77
55 34
55 58
55 61
56 8
56 35
56 39
56 72
57 0
57 56
57 68
57 70
57 72
58 6
58 12
58 14
58 19
58 81
59 9
59 14
59 25
59 34
59 44
59 58
59 61
60 51
60 70
61 54
62 4
62 12
62 14
62 24
62 25
62 27
62 33
62 44
62 54
62 58
62 67
62 71
63 14
63 25
63 44
63 54
64 42
64 58
65 0
65 14
65 19
65 20
65 23
65 25
65 34
65 42
65 44
65 54
65 58
65 68
65 81
66 36
67 12
67 14
67 24
67 25
67 27
67 63
67 66
68 8
68 70
71 12
71 14
71 24
71 25
71 27
71 67
72 68
72 70
73 20
73 65
74 0
74 20
74 39
74 65
74 68
75 8
75 32
75 39
75 49
75 68
75 74
75 83
75 85
77 25
78 51
78 63
78 68
78 70
79 19
79 57
79 58
79 68
79 81
80 4
80 5
80 7
80 11
80 12
80 14
80 24
80 25
80 27
80 33
80 34
80 41
80 44
80 45
80 54
80 61
80 62
80 77
80 82
81 12
82 20
82 25
82 29
82 34
82 41
82 54
82 58
82 65
83 32
83 53
83 68
83 74
83 85
85 8
85 32
85 39
85 68
