53 83 17
43 84 8
66 36 6
38 30 6
1 10 6
27 12 6
22 43 5
5 65 4
74 83 4
5 20 4
69 16 4
56 48 4
29 41 4
47 65 4
1 54 4
45 69 4
62 69 4
0 74 3
85 83 3
56 30 3
32 0 3
68 72 3
82 1 3
64 70 3
53 84 3
30 48 3
75 72 2
53 35 2
24 11 2
85 72 2
85 0 2
65 23 2
4 55 2
70 28 2
77 44 2
77 58 2
81 21 2
67 71 2
35 83 2
19 21 2
67 24 2
49 8 2
25 84 2
62 12 2
85 52 2
82 11 2
5 2 2
20 23 2
70 18 1
13 44 1
29 11 1
62 11 1
14 11 1
54 80 1
4 11 1
32 49 1
26 39 1
25 11 1
1 41 1
14 50 1
42 17 1
4 50 1
27 11 1
30 79 1
59 61 1
78 76 1
40 50 1
51 60 1
54 34 1
11 7 1
6 63 1
33 11 1
73 70 1
68 46 1
3 15 1
9 1 1
1 37 1
0 31 1
37 34 1
68 57 1
25 50 1
24 71 1
